394135
391126
390514
388503
384697
381552
369498
362825
362212
358725
358446
351875
350672
350006
348365
345356
344476
342057
341597
335767
335729
325574
322639
322450
322279
322246
322176
320875
320636
318731
318386
318384
317551
315989
310254
310230
309156
309092
308710
308451
305848
305521
305355
305188
300413
299273
299097
297582
296748
294919
294527
294382
292014
291617
289734
288120
283545
283038
282452
281973
281813
281530
278276
277855
276057
275901
272390
272345
269163
268106
266850
263803
263621
263371
263284
263282
263279
262973
262938
262935
262844
259710
258374
257723
257655
256178
255460
255238
254988
251325
248420
248239
246767
245802
245519
245459
244335
244096
237060
236764
234377
231894
227401
222667
222666
222665
222661
222660
222659
222658
222657
219363
218849
210445
208712
208242
207095
205235
190077
167727
81851
60433
394135
391126
390514
388503
384697
381552
369498
362825
362212
358725
358446
351875
350672
350006
348365
345356
344476
342057
341597
335767
335729
325574
322639
322450
322279
322246
322176
320875
320636
318731
318386
318384
317551
315989
