430203
430049
430047
429980
429979
429892
429890
429889
429742
429709
429708
429707
429706
429705
429704
429703
429702
429673
429605
429551
429278
429238
429160
429072
429071
429070
429069
429068
428846
428721
428405
427874
427871
427864
427611
427425
427421
427416
427358
427290
427288
427267
427079
423269
423244
423140
423130
423122
423041
422537
422517
422472
422420
422296
422077
422071
421986
421968
421894
421871
421865
421849
421797
421665
421432
421301
421290
421139
421137
421091
421083
421008
420998
420901
420897
420832
420722
420612
420453
420397
420256
419838
419837
419835
419613
419483
419478
419286
419272
419099
419074
419069
418911
418890
418868
418866
418671
418635
418409
418399
418344
418225
418222
418195
418188
418176
418051
418025
418022
417957
417956
417934
417916
417809
417641
417634
417629
417627
417598
417391
417383
417327
417326
417313
417155
417135
417129
417044
417005
416999
416907
416889
416848
416782
416667
416651
416650
416649
416648
416647
416646
416645
416644
416643
416642
416641
416640
416639
416638
416637
416636
416635
416634
416633
416632
416631
416630
416629
416628
416627
416626
416625
416624
416623
416622
416621
416620
416619
416618
416617
416616
416615
416614
416613
416612
416611
416610
416609
416608
416607
416606
416605
416604
416603
416602
416601
416600
416599
416576
416575
416574
416573
416572
416571
416570
416569
416568
416567
416566
416565
416564
416563
416562
416561
416560
416559
416558
416557
416556
416555
416554
416553
416552
416551
416550
416549
416548
416547
416546
416545
416544
416543
416542
416541
416540
416539
416538
416537
416536
416535
416534
416533
416532
416531
416530
416529
416528
416527
416526
416525
416524
416523
416522
416521
416520
416519
416518
416517
416516
416515
416514
416513
416512
416511
416510
416476
416457
416456
416284
416227
416224
416198
416168
416049
415891
415828
415394
415393
415044
414965
414922
414894
414763
414748
414565
414423
414354
414310
414121
414052
414015
413933
413877
413845
413686
413654
413618
413263
412984
412983
412936
412934
412926
412886
412797
412766
412736
412734
412646
412531
412481
412326
412287
412272
412129
412007
411998
411979
411849
411756
410407
410402
410401
410400
410399
410398
410300
410299
410298
410296
410295
410280
410279
410278
410277
410276
410275
410274
410273
410272
410271
410270
410269
410099
410098
410097
410096
410095
410094
410093
410092
410091
410090
410089
410088
410087
410086
410085
410084
410083
410082
410081
410080
410079
410078
410077
410076
410075
410074
410073
410072
410071
410070
408061
408027
407994
407875
407863
407850
407636
407229
406977
406976
406973
406972
406872
406865
406818
406817
406816
406815
406814
406813
406812
406811
406810
406809
406808
406807
406806
406805
406804
406803
406802
406753
406752
406751
406750
406749
406720
406719
406718
406717
406716
406715
406714
406713
406712
406711
406710
406709
406708
406707
406706
406705
406704
406703
406702
406701
406700
406699
406698
406697
406696
406695
406694
406693
406692
406691
406690
406689
406688
406687
406686
406685
406684
406683
406682
406681
406680
406679
406678
406677
406676
406675
406674
406673
406672
406671
406670
406669
406668
406667
406666
406665
406664
406663
406662
406661
406660
406659
406658
406657
406656
406655
406654
406653
406652
406651
406650
406649
406648
406647
406646
406645
406644
406643
406642
406641
406640
406639
406638
406637
406636
406635
406634
406633
406632
406631
406630
406629
406628
406627
406626
406625
406624
406623
406622
406621
406620
406619
406618
406617
406616
406615
406614
406613
406612
406611
406610
406609
406608
406607
406606
406605
406604
406603
406602
406601
406600
406599
406598
406597
406596
406595
406594
406593
406592
406591
406590
406589
406588
406587
406586
406585
406584
406583
406582
406581
406580
406579
406578
406577
406576
406575
406574
406573
406572
406571
406570
406569
406568
406567
406566
406565
406564
406563
406562
406561
406560
406559
406558
406557
406556
406555
406554
406553
406552
406551
406550
406549
406548
406547
406546
406545
406544
406543
406542
406541
406540
406539
406538
406537
406536
406535
406534
406533
406532
406438
406437
406436
406435
406434
406433
406432
406431
406430
406429
406428
406427
406426
406425
406424
406423
